0010011000100100001001000010000000000000000000100010010000110001
1000000000100000101000100010000010000010100000101000001000100000
0100000001100010000010001000100010001000000000001010101011000000
0000000001000000010001000000010000000000011000000100010000000000
0000010000110100000100000010000001000100011001000011010000000000
0000100001000000100100001001000001011000010100001001110000001000
1001000100001000000100001000000000010000000000011001100000000000
0001000000100011000000010010000000000010000100100110001100000000
1101001010101000100000101110100000100010111100110100101000100010
0001000000010001010000000101000000000000000100000100000100000000
0100000101000101010000010101000100010100000000010001010000010000
0010000000000010000100000000000000010010001100100001001000000000
0001000000000000000000000000000000000000000100000000000000000000
0000000000000100010000000100000000000100010001000000010000000000
0001001000110000000100000000000000010000000000000011000000000000
0111000101100100001000000010000001010100010100000000010100100000
0100010001100000111001011000010100010100010101001110010100000000
1100100011010000100000000101100001000100110001001001110001000000
0001100010010000000010001001100000001000000100001001100000000000
0000000000000000000100010000100010010000100100000001000100000000
0001000100000010000100010010000000110011001100010000001100000000
0000000000000001000000000000000100000000000000000001000100000000
0000000000000000000000000000000000000000000000000000000000000000
0001000000000000010100000101000000000000000000000001000001000000
0010100100000000001100010011000010100001100010000011000110000000
0010100000101010100010001000100000100010101000101010001010000000
0001000000000000000000000000000100000000000000000001000100000000
0000000000000000000000000000000000000000000000000000000000000000
0100000000000110011110000001100000110010111000100101111001000000
0000000000000000000000000000000000000000000000000000000000000000
0010001000000001001000100001001100110010000000000011000100010010
0111000001110010110100001001001010000001110110011101001000110000
1110001010000000011000100000001001100110010001101110001000011001
1001011100011001000111000000110001101110111011111100010100010000
0001101000000000011011100010001001111111011111110110001001001000
0011100110110010101110000000100000101011001110111001000000100100
0011100000001010111010001010000011101000110110011110001100000000
1010101000100001100100000001000010110010001110101011000100100000
0100110100011010100111010000000110001101110011011001101110001000
0101001100001110000100100000000000010010010000110101111000000010
1011110100010100101111000010000010100111101111111001100000010000
0000101101001101000110000101000100011000000010010101011101000000
0001000000010000000001000001000000000100000101000001010000010001
0011101100010101110000101100000101001001110110111111011010010000
0001010010001010101000001010000010100101001101011010101010000000
0000110000000011110101101100011011100110110101101101110100010000
0000001000101100000110100000011100111111000111110001001000110000
1100010100011010011101010100010001100101111001010111111100000000
0010001011111100011100000010000010100010000101100111110010100001
0100110001010111011011000010000010111100101011000110111111010100
1001000111001110100010010000100101001001000010011000011001100000
1001111100000010100011110000000010010110000111111000100100000000
0001000100001000001001010010011100100001001000110010111100000000
0010000000010011001100000010000100100000000000010011001100000000
1010100011100111011010100000001001001011011010110100110011010000
0000010100001111000001100000001001100111011101110001110000000100
1110111101110010000000100010001011110110110111110110000101100000
0110101010001001011010001100111001001100011011101110001100000000
0101010001010010000101100100001001000110010001100001000001010000
0000001100001111000000100000000110000011000010110100010010000000
1010001000001011100100100101001010010010111100101001100101000000
0000001000000101000000100000000000100010001000100000010100000000
0100010100010110001101000110000001100110011001100011000101000000
0100011001000111000011010000100100101100001111000000100001000011
