0000010000001100111001001100010011101000101001001110101000010001
1111100101001100001010010100010000010011001110110110111101000000
0101011000000011110101101101101011110101101100011101010100000000
0110000111000101111100010011000101110001001100011111010001010001
1101010111000000010101000000010001110100101100010111010001100000
1000000000000100000000001000000011000000011010011000010011000000
0110000110010001001100001001000000110001001000011111100100010000
1010000100000010100000011010001111100001110000011110001101110000
0101100010011010110010000111100101100010011010001111101100011000
0000000100110001000000000011000000110000001100000111000100110001
0000010000000001011001000110000001000101010100010111010100000000
1011000000010010110100011100001110010000001000001111001100010000
1010000000100001111100000100000010000000000100001111000100000000
1100010001000100111001001000000010010100001100001110010000000000
0001000000000000011100000001000001010000011100100111001000000000
1000000010010100110100011100001011000101011001111111011110000000
1111000000000110010110010101010101111011101110100101111111101000
1100000000001000000001001000010010011000000110001101110010010000
0011000000010000000110000000000000000000100110001010100000000000
1101000010100001010000000110000001100001111110000111000100100000
0001001100010000010000100001001101000010010000000101001100000000
0011000100000001000000000000000000000000000000010011000000010000
0011000000000000000000000100000010000000010100000110000000000000
1100000000010001110000000001000111010100011101011101000101010000
1001001000001000001100110010001000110001101000001011101100000000
1011000010000010111100000100001011111000000100001111101010001000
0001000001000000010100010000000100010001000000000101000100000000
1010000010010000110000001101000010000000111000000101000010000000
1010111000110100101001001001100010100100110011000011100010100000
0000000000100000001100000011100000101000001010000011100010100000
0101000000000000011100000111000001110000001100000110000010011000
0101000000000000000001000100011001100010001100100100011001000001
0010011001000000011000000000000010100010100011101110100000010001
0100110100101000100010010000100011101111111111110000000100000000
0001001001100100001010100000100100001000010110100110111100000001
0100010110111010110100000100000001000000010001011111111101000001
1101100000001100000110010010111100111111011110111001010100000100
1000100001000010011010010000000000110101101111010100101000100000
0000000100010110100100000001110010010101000011011001101010010000
0001111000011111000000100000111101001111010111110000000100000001
0000000001110100011100000100001010010001110100011011011000010010
1101100000001110010010010100100101011001010110010000011100000000
0000100001000111010000000000010000010100000100010100111100000100
1111110000100001000001000000000000101100001111001000000110000000
0010100000010000001110000010101110101110100111100011000100000001
1100010001101011010001000000000000000000110001000110111110000000
0001101000110101000000110011100000001001000110110010011000000000
1100110100100010001010010000000100011001110111010110101101000000
0111000110111001000101001000010000000110010101111011110100000000
0100011100000100101000011111110011010011110101111110110000011000
1110010100111111010001010110100011000101101011010101101000000000
1000011100010000100101000001010010000110100101101000000100010000
1000000110001100000001100000011010000111001001111000101010000000
0010000000000010001001010010110100101101001111010010101100000000
1110100001100011100001000000110011111100101111000010001101000000
0101110100100010001100000000010000011001000111110111010001000000
1001000010100100101100110000000101010011110000110011010100000000
0010000010000101100000100100011000000110001001101100001100000000
0001001001001101001111000110110101011111010011100111100101001001
1100000101001110000001000100000101000101100001010000101001000000
1000001010000111011110001010010001111100011110001001110110000110
0000000000000101001000011000101110001011101010111010110000100000
0011011100100000000000010000000001100001011000110000010110001000
0001010000010100001100000010011000100110011101100010001000000001
