0000011101000101110001011000000110000001101000111100010100010001
1001100001000000110010100000100010011010100100101100101000100000
0101000001100110001011000000110000001100000100000010111001000000
0101000001000000010001000000010001000000001100000000010001000000
0011010000010100001100000000000010110100101101000001010000010000
0100100010000000000100010001000100011001010100001001110100001000
1000000100001000100100000001000000010000100100011001100010000000
0001000000100011001101010001010000010010000100100111011100010000
0110001001111000100100100100100011000010100000111001101001100010
0000000000000001010000000100000000000000000000000100000100000000
0101000101000101000000010000000100010100010100010000010001000000
0000000000000011000100000000000000110011001100110001001000000000
0001000000010000000100000001000000000000000100000000000000010000
0000000001000100000000000000000000000100000001000100010000000000
0011001100110000000100000010000000010000001000000001000100000000
0110001100100100001000000010000000010100010100100000010100100000
0011010000110000111001011100110101110100010101001100110100100000
0000000000000000010100000100100000000100000101000101110000000000
0000100000110000100010000011100010001000000000001011100010000000
1000000010000000100000011000100000000001100000000000000100000000
0011000100100010000000010010000000000011001100010001001100010000
0001000000010001000000000000000100010000000100000001000100000000
0000000000000000000000000000000000000000000000000000000000000000
0001000100000001000100010101000100000001000000010101000000000000
0010100100000000001100110011000000110001000110000011001100000000
0000100000101010111010001110100000100010001000101100001000000000
0000000100000000000000000000000100010000000100000000000100000000
0000000000000000000000000000000000000000000000000000000000000000
0110000100000110001110010011100000110011100000110111111000100000
0000000000000000000000000000000000000000000000000000000000000000
0010001000000001001000100000001100110010000100000010000100000010
0110000001100010110101001001001010010101110111011101011000110000
0010001001000000011000100000001011100110111001101110001001011001
0101011100111001000101000000010001101110011111110001010100000000
0001111001000100010010100000001000001111100111110100001000001000
1011000101101010100100001100000010011011000010111101000000100100
1011100000110010010000000100100000111000100110011001001101110000
1001101001000001110000000000000010000010100010101101000100000000
1100110100001010000011010000000111001101000111011100101111101000
1000001100011110010100100100000001000010110000111101111000000010
1000110100110100101111001000000010000111110111111111100000000000
0001101110001101010110001000000101001000010110011101011101000000
0100000001000000010001000000000000010100000101000100010001000001
0100101100000100011000110000000001111001001110110110011000000000
0010010000001010100000001100000011010101110101011110101000000000
0000111000000001101001001001010010100110010101100000110111110000
0011111000000000110101100000101111111111111111111101001001000000
1110010110101010101001010000010000010101111101010110111101000000
1111001000101100100100000000000010010010010001101011110000000001
1100110001000111011111000000000010111100100111000111111100100100
0110100101101110110110001001100010111001101110011101011000100000
1010111110110010100111110001000000100110001111111000100100110000
1000000100001000100001010000011110000001100000111000111100000000
0010000000000011001100000011000100110000000100010011001100000000
0100101001010101101110001000000011101011111010111011110001100000
0001011000011111010101100100001001000111100101111110110000010100
0011111110110010101100100001001001000110010111111011000100010000
1010101011010001101000000111011000101100001011101111001111010000
0101011000000000001101000011000000110110001101100011000000000000
1110000110101100100000011000001000110011110010110100010010100000
0000001000111011101000101011001010100010101000101001100100000000
0110000001000101001100100011000000110010001100100011010101000000
0001011101000000011000000100010001100110001001100110000101100000
0100011000010011010010010001110111001100101011000101100000000011
